100
0 41
0 3
0 12
1 67
1 88
1 89
2 34
2 22
2 14
3 40
3 39
4 69
4 21
4 91
5 24
5 10
5 74
6 78
6 75
6 30
7 58
7 57
7 40
8 62
8 90
8 84
9 64
9 63
9 43
10 64
10 86
11 45
11 41
11 47
12 81
12 35
13 27
13 42
13 55
14 61
14 61
15 91
15 76
15 85
16 95
16 27
16 73
17 42
17 75
17 54
18 27
18 28
18 97
19 36
19 51
19 29
20 91
20 85
20 92
21 26
21 84
22 42
22 52
23 53
23 56
23 69
24 92
24 88
25 82
25 32
25 97
26 31
26 84
28 79
28 89
29 95
29 94
30 47
30 63
31 65
31 61
32 71
32 66
33 38
33 43
33 95
34 69
34 46
35 38
35 37
36 67
36 48
37 99
37 54
38 81
39 94
39 77
40 59
41 46
43 90
44 73
44 51
44 86
45 64
45 70
46 99
47 50
48 53
48 80
49 68
49 52
49 59
50 71
50 99
51 89
52 62
53 57
54 76
55 59
55 73
56 83
56 87
57 75
58 85
58 67
60 65
60 62
60 80
63 90
65 78
66 83
66 92
68 76
68 93
70 82
70 98
71 97
72 96
72 79
72 77
74 77
74 86
78 83
79 96
80 82
81 93
87 88
87 93
94 98
96 98
