500
0 179
0 475
0 347
1 190
1 499
1 363
2 157
2 45
2 9
3 458
3 37
3 179
4 191
4 28
4 428
5 315
5 181
5 245
6 388
6 318
6 345
7 156
7 236
7 442
8 11
8 239
8 165
9 202
9 136
10 134
10 36
10 130
11 272
11 215
12 55
12 68
12 439
13 328
13 308
13 347
14 146
14 269
14 486
15 362
15 71
15 38
16 386
16 292
16 205
17 375
17 401
17 278
18 433
18 138
18 157
19 369
19 209
19 489
20 142
20 372
20 320
21 344
21 27
21 495
22 416
22 136
22 219
23 381
23 175
23 330
24 498
24 128
24 378
25 322
25 499
25 54
26 151
26 321
26 376
27 171
27 231
28 199
28 408
29 57
29 78
29 374
30 476
30 487
30 292
31 392
31 184
31 493
32 389
32 163
32 276
33 75
33 471
33 93
34 212
34 296
34 442
35 100
35 119
35 290
36 376
36 63
37 228
37 367
38 369
38 319
39 361
39 498
39 352
40 188
40 333
40 346
41 401
41 393
41 236
42 289
42 452
42 343
43 255
43 173
43 343
44 423
44 123
44 419
45 396
45 484
46 85
46 283
46 398
47 182
47 400
47 267
48 285
48 371
48 59
49 88
49 66
49 79
50 426
50 204
50 89
51 117
51 482
51 418
52 257
52 257
52 249
53 332
53 102
53 128
54 432
54 84
55 169
55 64
56 154
56 98
56 359
57 221
57 73
58 189
58 110
58 264
59 476
59 463
60 329
60 70
60 260
61 368
61 177
61 241
62 192
62 457
62 430
63 425
63 357
64 189
64 226
65 434
65 479
65 90
66 334
66 340
67 441
67 495
67 265
68 464
68 95
69 145
69 488
69 189
70 154
70 386
71 218
71 196
72 253
72 279
72 216
73 139
73 419
74 423
74 101
74 219
75 279
75 287
76 496
76 246
76 297
77 187
77 360
77 399
78 220
78 447
79 354
79 325
80 437
80 284
80 216
81 366
81 482
81 178
82 449
82 334
82 483
83 193
83 413
83 259
84 195
84 303
85 297
85 282
86 416
86 218
86 277
87 286
87 275
87 89
88 105
88 377
89 488
90 282
90 355
91 455
91 453
91 374
92 234
92 351
92 148
93 114
93 182
94 201
94 339
94 470
95 316
95 294
96 171
96 394
96 451
97 286
97 299
97 405
98 263
98 199
99 313
99 170
99 184
100 355
100 350
101 185
101 282
102 165
102 356
103 412
103 356
103 406
104 308
104 300
104 256
105 332
105 301
106 445
106 414
106 148
107 313
107 399
107 143
108 256
108 298
108 466
109 321
109 319
109 116
110 484
110 311
111 146
111 315
111 464
112 482
112 157
112 312
113 481
113 395
113 293
114 144
114 402
115 196
115 232
115 368
116 222
116 443
117 129
117 453
118 161
118 448
118 475
119 331
119 455
120 450
120 245
120 352
121 173
121 299
121 271
122 466
122 492
122 211
123 250
123 323
124 159
124 208
124 395
125 292
125 144
125 172
126 439
126 338
126 193
127 253
127 168
127 494
128 465
129 154
129 210
130 309
130 160
131 245
131 398
131 327
132 149
132 306
132 317
133 186
133 230
133 428
134 313
134 251
135 474
135 233
135 194
136 339
137 168
137 332
137 346
138 293
138 431
139 287
139 235
140 405
140 205
140 242
141 458
141 312
141 407
142 391
142 186
143 202
143 162
144 328
145 477
145 307
146 414
147 314
147 427
147 453
148 324
149 334
149 267
150 374
150 362
150 434
151 372
151 444
152 159
152 322
152 295
153 333
153 254
153 298
155 487
155 373
155 361
156 297
156 320
158 177
158 361
158 320
159 273
160 270
160 497
161 263
161 358
162 168
162 244
163 192
163 241
164 485
164 259
164 371
165 314
166 480
166 337
166 456
167 213
167 202
167 478
169 302
169 379
170 196
170 350
171 478
172 300
172 317
173 376
174 424
174 381
174 423
175 404
175 449
176 472
176 341
176 497
177 469
178 181
178 367
179 436
180 432
180 462
180 353
181 305
182 443
183 225
183 216
183 280
184 437
185 492
185 262
186 269
187 222
187 191
188 286
188 237
190 400
190 439
191 247
192 360
193 413
194 474
194 206
195 270
195 207
197 235
197 336
197 422
198 333
198 407
198 231
199 211
200 260
200 265
200 327
201 396
201 471
203 285
203 212
203 221
204 404
204 420
205 496
206 234
206 284
207 349
207 389
208 340
208 304
209 478
209 325
210 224
210 348
211 237
212 324
213 354
213 309
214 405
214 285
214 394
215 335
215 342
217 445
217 358
217 384
218 298
219 456
220 255
220 289
221 266
222 244
223 310
223 430
223 306
224 246
224 357
225 435
225 346
226 427
226 250
227 284
227 385
227 276
228 362
228 448
229 435
229 348
229 330
230 380
230 382
231 407
232 340
232 468
233 393
233 326
234 366
235 426
236 427
237 378
238 242
238 258
238 351
239 294
239 436
240 254
240 492
240 380
241 397
242 432
243 280
243 251
243 441
244 403
246 443
247 486
247 301
248 441
248 306
248 249
249 420
250 411
251 353
252 258
252 415
252 490
253 339
254 255
256 270
257 308
258 288
259 410
260 359
261 446
261 310
261 479
262 463
262 379
263 454
264 447
264 299
265 322
266 279
266 494
267 353
268 467
268 329
268 491
269 357
271 368
271 349
272 392
272 350
273 467
273 275
274 474
274 422
274 465
275 495
276 410
277 490
277 364
278 318
278 386
280 392
281 413
281 328
281 337
283 460
283 479
287 475
288 315
288 437
289 335
290 471
290 331
291 336
291 293
291 294
295 457
295 365
296 433
296 349
300 380
301 379
302 421
302 344
303 489
303 462
304 460
304 425
305 421
305 435
307 426
307 469
309 411
310 312
311 446
311 463
314 447
316 487
316 324
317 400
318 385
319 468
321 488
323 412
323 390
325 342
326 381
326 402
327 341
329 417
330 373
331 499
335 412
336 396
337 422
338 406
338 434
341 390
342 436
343 373
344 491
345 493
345 450
347 420
348 417
351 401
352 397
354 450
355 383
356 375
358 455
359 459
360 411
363 446
363 395
364 445
364 465
365 429
365 454
366 448
367 384
369 409
370 459
370 419
370 496
371 425
372 430
375 387
377 476
377 391
378 473
382 438
382 383
383 415
384 402
385 493
387 389
387 394
388 404
388 460
390 480
391 473
393 421
397 440
398 410
399 497
403 470
403 462
406 484
408 477
408 472
409 438
409 459
414 477
415 429
416 486
417 469
418 485
418 472
424 444
424 491
428 473
429 440
431 451
431 461
433 490
438 458
440 468
442 457
444 483
449 480
451 456
452 464
452 485
454 461
461 470
466 489
467 498
481 494
481 483
