1000
0 780
0 73
0 642
1 578
1 426
1 160
2 931
2 823
2 237
3 544
3 832
3 219
4 340
4 880
4 251
5 487
5 165
5 970
6 899
6 84
6 405
7 525
7 102
7 12
8 483
8 47
8 911
9 538
9 346
9 339
10 492
10 335
10 372
11 193
11 13
11 435
12 252
12 166
13 496
13 171
14 560
14 71
14 876
15 834
15 826
15 923
16 840
16 660
16 969
17 497
17 545
17 396
18 785
18 78
18 382
19 529
19 58
19 749
20 540
20 287
20 908
21 805
21 442
21 624
22 791
22 763
22 370
23 392
23 224
23 291
24 210
24 993
24 722
25 549
25 695
25 951
26 578
26 982
26 920
27 979
27 500
27 609
28 971
28 798
28 909
29 277
29 779
29 834
30 73
30 198
30 250
31 193
31 778
31 573
32 620
32 79
32 188
33 497
33 49
33 975
34 826
34 173
34 797
35 276
35 467
35 743
36 790
36 289
36 350
37 582
37 559
37 430
38 578
38 818
38 177
39 159
39 504
39 790
40 418
40 793
40 973
41 489
41 498
41 207
42 159
42 658
42 855
43 449
43 998
43 408
44 924
44 664
44 971
45 72
45 563
45 463
46 380
46 50
46 915
47 215
47 828
48 967
48 691
48 675
49 208
49 870
50 477
50 925
51 503
51 986
51 290
52 370
52 143
52 575
53 607
53 491
53 706
54 196
54 455
54 398
55 74
55 119
55 990
56 722
56 60
56 436
57 611
57 892
57 712
58 99
58 139
59 761
59 605
59 839
60 106
60 150
61 890
61 948
61 405
62 163
62 528
62 869
63 683
63 468
63 572
64 716
64 730
64 767
65 932
65 154
65 155
66 452
66 131
66 111
67 741
67 675
67 191
68 954
68 895
68 262
69 813
69 985
69 176
70 862
70 446
70 710
71 396
71 618
72 460
72 347
73 615
74 904
74 377
75 599
75 660
75 437
76 136
76 414
76 319
77 680
77 520
77 812
78 198
78 268
79 394
79 762
80 387
80 333
80 479
81 584
81 104
81 787
82 240
82 282
82 555
83 517
83 473
83 799
84 927
84 481
85 670
85 319
85 976
86 241
86 241
86 225
87 882
87 824
87 626
88 249
88 798
88 687
89 523
89 510
89 910
90 758
90 571
90 953
91 105
91 138
91 638
92 621
92 267
92 490
93 95
93 112
93 440
94 296
94 423
94 451
95 916
95 651
96 678
96 766
96 145
97 178
97 153
97 309
98 579
98 338
98 639
99 158
99 385
100 577
100 411
100 413
101 750
101 198
101 137
102 519
102 539
103 729
103 375
103 893
104 503
104 364
105 995
105 465
106 678
106 959
107 676
107 747
107 601
108 753
108 853
108 399
109 899
109 260
109 428
110 784
110 642
110 905
111 565
111 207
112 368
112 863
113 608
113 171
113 255
114 172
114 260
114 356
115 243
115 589
115 654
116 929
116 188
116 357
117 514
117 509
117 189
118 168
118 369
118 197
119 344
119 876
120 191
120 950
120 380
121 973
121 297
121 506
122 922
122 363
122 406
123 748
123 825
123 659
124 651
124 242
124 548
125 986
125 466
125 529
126 144
126 982
126 786
127 446
127 235
127 681
128 577
128 210
128 254
129 517
129 994
129 982
130 629
130 320
130 184
131 916
131 700
132 874
132 851
132 432
133 791
133 357
133 735
134 469
134 367
134 487
135 912
135 420
135 550
136 146
136 950
137 693
137 558
138 310
138 757
139 815
139 540
140 949
140 636
140 478
141 857
141 938
141 164
142 640
142 680
142 933
143 470
143 663
144 236
144 220
145 551
145 833
146 487
146 657
147 226
147 946
147 395
148 162
148 355
148 928
149 955
149 428
149 966
150 183
150 645
151 394
151 218
151 752
152 180
152 480
152 946
153 764
153 846
154 160
154 677
155 168
155 190
156 513
156 332
156 597
157 261
157 547
157 612
158 516
158 401
159 894
160 623
161 615
161 231
161 949
162 978
162 508
163 447
163 914
164 170
164 792
165 815
165 960
166 502
166 322
167 774
167 662
167 804
168 865
169 336
169 286
169 739
170 878
170 249
171 236
172 299
172 437
173 595
173 822
174 459
174 298
174 397
175 904
175 454
175 722
176 383
176 694
177 550
177 930
178 886
178 641
179 841
179 257
179 704
180 658
180 600
181 238
181 655
181 890
182 189
182 251
182 979
183 711
183 595
184 485
184 699
185 327
185 621
185 943
186 544
186 294
186 767
187 382
187 343
187 474
188 466
189 232
190 655
190 968
191 298
192 784
192 459
192 278
193 219
194 452
194 308
194 358
195 693
195 808
195 720
196 494
196 688
197 458
197 838
199 643
199 636
199 756
200 864
200 855
200 272
201 282
201 429
201 697
202 788
202 279
202 431
203 379
203 983
203 222
204 515
204 808
204 480
205 871
205 690
205 907
206 453
206 258
206 411
207 537
208 467
208 836
209 211
209 617
209 817
210 277
211 760
211 270
212 836
212 448
212 414
213 313
213 240
213 388
214 307
214 732
214 491
215 707
215 702
216 479
216 588
216 511
217 962
217 526
217 925
218 859
218 279
219 336
220 278
220 865
221 387
221 377
221 579
222 775
222 627
223 888
223 433
223 244
224 996
224 951
225 278
225 999
226 262
226 431
227 928
227 842
227 475
228 645
228 920
228 663
229 644
229 300
229 290
230 916
230 649
230 353
231 923
231 987
232 245
232 316
233 751
233 349
233 780
234 708
234 346
234 960
235 945
235 936
236 703
237 456
237 303
238 815
238 410
239 985
239 288
239 700
240 274
241 875
242 389
242 743
243 721
243 674
244 583
244 726
245 592
245 549
246 268
246 788
246 624
247 479
247 473
247 590
248 302
248 992
248 347
249 551
250 377
250 921
251 941
252 291
252 885
253 701
253 650
253 907
254 903
254 948
255 661
255 263
256 482
256 493
256 633
257 373
257 434
258 531
258 835
259 990
259 401
259 672
260 820
261 489
261 842
262 385
263 881
263 845
264 703
264 409
264 652
265 821
265 466
265 314
266 436
266 445
266 739
267 738
267 386
268 995
269 338
269 515
269 393
270 374
270 519
271 461
271 458
271 582
272 676
272 907
273 315
273 790
273 664
274 980
274 362
275 630
275 500
275 501
276 980
276 604
277 779
279 360
280 402
280 808
280 622
281 729
281 313
281 359
282 462
283 740
283 382
283 887
284 559
284 954
284 765
285 816
285 484
285 901
286 393
286 737
287 532
287 564
288 991
288 324
289 902
289 993
290 659
291 406
292 658
292 473
292 632
293 690
293 647
293 811
294 483
294 733
295 940
295 725
295 867
296 978
296 534
297 619
297 670
298 568
299 438
299 376
300 802
300 830
301 807
301 610
301 840
302 514
302 367
303 494
303 628
304 444
304 849
304 566
305 750
305 391
305 310
306 307
306 474
306 988
307 843
308 469
308 526
309 848
309 679
310 318
311 586
311 742
311 945
312 333
312 869
312 727
313 456
314 403
314 711
315 470
315 341
316 451
316 613
317 535
317 557
317 614
318 368
318 659
319 861
320 524
320 884
321 483
321 499
321 450
322 759
322 789
323 331
323 850
323 926
324 965
324 457
325 701
325 811
325 938
326 923
326 687
326 409
327 337
327 900
328 373
328 660
328 619
329 638
329 602
329 445
330 701
330 356
330 953
331 406
331 469
332 782
332 795
333 570
334 451
334 588
334 672
335 757
335 812
336 542
337 571
337 683
338 905
339 430
339 946
340 369
340 952
341 452
341 898
342 709
342 838
342 628
343 585
343 852
344 521
344 454
345 616
345 677
345 867
346 839
347 781
348 533
348 561
348 618
349 365
349 782
350 519
350 412
351 516
351 365
351 547
352 505
352 571
352 629
353 695
353 499
354 773
354 910
354 567
355 996
355 976
356 639
357 761
358 551
358 854
359 666
359 653
360 970
360 550
361 823
361 786
361 992
362 880
362 705
363 943
363 796
364 662
364 568
365 557
366 637
366 727
366 941
367 958
368 591
369 896
370 453
371 739
371 432
371 558
372 951
372 835
373 746
374 941
374 966
375 552
375 587
376 824
376 626
378 593
378 476
378 400
379 957
379 872
380 825
381 703
381 422
381 770
383 705
383 736
384 990
384 622
384 686
385 502
386 413
386 643
387 896
388 734
388 521
389 887
389 402
390 730
390 730
390 836
391 992
391 803
392 491
392 878
393 735
394 801
395 856
395 492
396 585
397 645
397 800
398 612
398 785
399 866
399 881
400 919
400 949
401 460
402 740
403 604
403 649
404 929
404 795
404 988
405 909
407 838
407 564
407 957
408 817
408 631
409 967
410 528
410 756
411 634
412 998
412 775
413 637
414 671
415 555
415 457
415 689
416 754
416 794
416 903
417 562
417 637
417 616
418 514
418 991
419 821
419 819
419 844
420 956
420 945
421 896
421 856
421 920
422 447
422 733
423 552
423 958
424 446
424 999
424 872
425 707
425 718
425 507
426 678
426 963
427 706
427 613
427 964
428 547
429 634
429 554
430 505
431 455
432 984
433 434
433 594
434 643
435 524
435 819
436 901
437 913
438 477
438 520
439 798
439 627
439 869
440 570
440 697
441 742
441 548
441 734
442 736
442 747
443 956
443 533
443 708
444 560
444 914
445 490
447 464
448 763
448 794
449 732
449 484
450 684
450 879
453 783
454 974
455 937
456 761
457 684
458 628
459 607
460 863
461 715
461 679
462 705
462 614
463 661
463 729
464 777
464 805
465 518
465 864
467 567
468 769
468 668
470 512
471 874
471 566
471 936
472 846
472 942
472 997
474 762
475 752
475 549
476 954
476 657
477 789
478 620
478 728
480 875
481 599
481 632
482 592
482 653
484 486
485 576
485 560
486 721
486 621
488 780
488 700
488 702
489 854
490 598
492 646
493 638
493 926
494 721
495 727
495 545
495 506
496 668
496 651
497 947
498 781
498 966
499 886
500 859
501 648
501 804
502 611
503 753
504 872
504 849
505 931
506 975
507 902
507 902
508 596
508 513
509 635
509 768
510 665
510 861
511 995
511 917
512 895
512 845
513 759
515 685
516 610
517 927
518 646
518 777
520 569
521 647
522 910
522 673
522 654
523 970
523 950
524 989
525 635
525 527
526 843
527 583
527 978
528 772
529 849
530 607
530 906
530 545
531 667
531 573
532 880
532 562
533 932
534 773
534 755
535 899
535 935
536 942
536 837
536 623
537 543
537 667
538 562
538 829
539 561
539 965
540 784
541 592
541 810
541 613
542 574
542 850
543 652
543 847
544 772
546 885
546 587
546 983
548 832
552 969
553 818
553 608
553 930
554 760
554 837
555 713
556 618
556 791
556 972
557 774
558 852
559 768
561 944
563 680
563 764
564 981
565 868
565 744
566 667
567 888
568 816
569 955
569 955
570 845
572 600
572 719
573 608
574 814
574 908
575 793
575 994
576 822
576 851
577 728
579 820
580 769
580 605
580 644
581 716
581 957
581 713
582 918
583 625
584 893
584 928
585 657
586 924
586 600
587 892
588 922
589 590
589 901
590 810
591 717
591 814
593 750
593 656
594 633
594 714
595 897
596 818
596 777
597 687
597 819
598 755
598 758
599 984
601 802
601 879
602 803
602 759
603 831
603 830
603 939
604 882
605 825
606 959
606 626
606 806
609 967
609 763
610 690
611 630
612 929
614 631
615 897
616 897
617 787
617 625
619 732
620 937
622 656
623 709
624 891
625 731
627 871
629 856
630 718
631 731
632 647
633 679
634 710
635 684
636 648
639 860
640 985
640 717
641 662
641 794
642 782
644 871
646 783
648 821
649 714
650 831
650 962
652 846
653 676
654 889
655 864
656 868
661 903
663 692
664 792
665 735
665 977
666 672
666 741
668 835
669 744
669 833
669 953
670 875
671 922
671 918
673 867
673 714
674 698
674 716
675 827
677 958
681 793
681 738
682 847
682 874
682 930
683 964
685 858
685 984
686 810
686 802
688 842
688 977
689 709
689 699
691 931
691 971
692 980
692 748
693 728
694 751
694 961
695 853
696 972
696 997
696 876
697 889
698 774
698 873
699 935
702 854
704 772
704 981
706 724
707 862
708 983
710 756
711 947
712 768
712 720
713 754
715 828
715 997
717 913
718 840
719 806
719 752
720 885
723 806
723 740
723 731
724 939
724 905
725 868
725 779
726 934
726 817
733 851
734 891
736 888
737 800
737 911
738 828
741 913
742 831
743 948
744 893
745 760
745 921
745 863
746 959
746 998
747 858
748 976
749 855
749 969
751 919
753 809
754 925
755 894
757 919
758 889
762 781
764 932
765 986
765 873
766 898
766 987
767 848
769 805
770 883
770 881
771 937
771 944
771 862
773 839
775 979
776 853
776 883
776 865
778 813
778 873
783 877
785 800
786 801
787 890
788 847
789 870
792 911
795 921
796 904
796 999
797 801
797 952
799 918
799 965
803 866
804 974
807 952
807 917
809 991
809 912
811 857
812 879
813 866
814 827
816 820
822 964
823 891
824 852
826 882
827 968
829 968
829 908
830 942
832 858
833 844
834 912
837 938
841 859
841 843
844 848
850 960
857 933
860 974
860 963
861 894
870 886
877 973
877 909
878 884
883 933
884 934
887 996
892 900
895 972
898 940
900 944
906 924
906 988
914 977
915 956
915 943
917 961
926 994
927 935
934 975
936 961
939 993
940 981
947 987
962 989
963 989
